[1, -476.0]
[0, -2000.0]
[1, -2000.0]
[0, -2000.0]
[1, -563.0]
[0, -45.0]
[1, 332.0]
[0, -2000.0]
[1, -752.0]
[0, -2000.0]
[1, -2000.0]
[1, 287.0]
[0, -2000.0]
[1, -2000.0]
[0, -2000.0]
[1, -2000.0]
[0, -2000.0]
[1, -2000.0]
[0, -2000.0]
[1, -2000.0]
[0, -2000.0]
[1, -2000.0]
[0, -2000.0]
[1, -2000.0]
[0, -2000.0]
[1, -2000.0]
[0, -2000.0]
[1, -2000.0]
[0, -2000.0]
[1, -2000.0]
[0, -2000.0]
[1, -2000.0]
[0, -2000.0]
[1, -2000.0]
[0, -2000.0]
[1, -2000.0]
[0, -2000.0]
[1, -2000.0]
[0, -2000.0]
[1, -2000.0]
[0, -2000.0]
[0, 6.0]
[1, -2000.0]
[0, -450.0]
[1, -778.0]
[1, 336.0]
[0, -99.0]
[1, -2000.0]
[0, -2000.0]
[0, 648.0]
[1, 329.0]
[0, -2000.0]
[1, -2000.0]
[0, -2000.0]
[1, -993.0]
[0, -2000.0]
[1, -2000.0]
[0, -2000.0]
[1, -2000.0]
[0, -2000.0]
[1, -2000.0]
[1, 528.0]
[1, 189.0]
[0, -2000.0]
[1, -2000.0]
[0, -2000.0]
[0, 256.0]
[1, -2000.0]
[0, -2000.0]
[1, -2000.0]
[0, -416.0]
[0, 0.0]
[1, -707.0]
[0, 633.0]
[1, 51.0]
[0, -2000.0]
[1, -2000.0]
[0, -2000.0]
[1, -2000.0]
[1, 49.0]
[0, -2000.0]
[1, -2000.0]
[0, -2000.0]
[1, -2000.0]
[0, -2000.0]
[1, -2000.0]
[0, -2000.0]
[1, -2000.0]
[0, -2000.0]
[0, -510.0]
[1, -2000.0]
[1, -655.0]
[0, -2000.0]
[1, 306.0]
[1, 300.0]
[0, -2000.0]
[1, -608.0]
[0, -2000.0]
[1, -2000.0]
[0, -2000.0]
[1, -2000.0]
[0, -2000.0]
[1, -2000.0]
[0, -2000.0]
[1, -2000.0]
[0, -2000.0]
[1, -2000.0]
[0, -2000.0]
[1, -2000.0]
[0, -2000.0]
[1, -2000.0]
[0, -2000.0]
[1, -2000.0]
[0, -2000.0]
[1, -2000.0]
[0, -2000.0]
[1, -2000.0]
[0, -2000.0]
[1, -2000.0]
[0, -2000.0]
[1, -2000.0]
[0, -2000.0]
[1, -2000.0]
[0, -2000.0]
[1, -2000.0]
[0, -2000.0]
[1, -2000.0]
[0, -2000.0]
[1, -2000.0]
[0, -2000.0]
[1, -2000.0]
[0, -2000.0]
[1, -2000.0]
[0, -716.0]
[1, -2000.0]
[0, -2000.0]
[1, -2000.0]
[0, -2000.0]
[1, -2000.0]
[0, -2000.0]
[1, -2000.0]
[0, -2000.0]
[1, -2000.0]
[0, -2000.0]
[1, -2000.0]
[0, -2000.0]
[1, -2000.0]
[0, -2000.0]
[1, -2000.0]
[0, -2000.0]
[1, -2000.0]
[0, -2000.0]
[1, -2000.0]
[0, -2000.0]
[1, -2000.0]
[0, -2000.0]
[1, -2000.0]
[0, -2000.0]
[1, -2000.0]
[0, -2000.0]
[1, -2000.0]
[0, -2000.0]
[1, -2000.0]
[0, -2000.0]
[1, -2000.0]
[0, -2000.0]
[1, -2000.0]
[0, -2000.0]
[1, -2000.0]
[0, -781.0]
[1, -860.0]
[0, -2000.0]
[1, -2000.0]
[0, -2000.0]
[1, -2000.0]
[0, -2000.0]
[1, -2000.0]
[0, -2000.0]
[1, -2000.0]
[0, -2000.0]
[1, -2000.0]
[0, -2000.0]
[1, -2000.0]
[0, -2000.0]
[1, -2000.0]
[0, -2000.0]
[1, -2000.0]
[0, -2000.0]
[1, -2000.0]
[0, -2000.0]
[1, -2000.0]
[0, -2000.0]
[1, -2000.0]
[0, -2000.0]
[1, -2000.0]
[0, -2000.0]
[1, -2000.0]
[0, -2000.0]
[1, -2000.0]
[0, -2000.0]
[1, -2000.0]
[0, -2000.0]
[1, -2000.0]
[0, -2000.0]
[0, 717.0]
[1, -2000.0]
[0, 210.0]
[1, -2000.0]
[0, -2000.0]
[1, -2000.0]
[0, -2000.0]
[1, -2000.0]
[0, -889.0]
[1, -2000.0]
[0, -2000.0]
[1, -2000.0]
[0, -2000.0]
[1, -2000.0]
[0, -2000.0]
[1, -2000.0]
[0, -2000.0]
[1, 667.0]
[1, -491.0]
[0, -2000.0]
[0, 616.0]
[1, -2000.0]
[0, -2000.0]
[1, -2000.0]
[0, -2000.0]
[1, -2000.0]
[0, -2000.0]
[1, -2000.0]
[0, -2000.0]
[1, -2000.0]
[0, -2000.0]
[1, -2000.0]
[0, -2000.0]
[1, -2000.0]
[0, -2000.0]
[1, -2000.0]
[0, -2000.0]
[1, -2000.0]
[0, -2000.0]
[1, -2000.0]
[0, -2000.0]
[1, -2000.0]
[0, -2000.0]
[1, -2000.0]
[1, 683.0]
[0, -2000.0]
[1, 525.0]
[0, 580.0]
[0, 516.0]
[0, 541.0]
[0, 515.0]
[1, -2000.0]
[0, -2000.0]
[1, -2000.0]
[0, 450.0]
[1, -2000.0]
[0, -2000.0]
[1, -260.0]
[0, -365.0]
[0, 263.0]
[0, 555.0]
[1, -2000.0]
[1, 521.0]
[0, -2000.0]
[1, -2000.0]
[1, 642.0]
[1, 638.0]
[0, -2000.0]
[1, 479.0]
[0, -142.0]
[1, -2000.0]
[0, -2000.0]
[0, 599.0]
[1, -2000.0]
[0, -2000.0]
[1, -2000.0]
[0, -2000.0]
[0, 647.0]
[1, -2000.0]
[1, 618.0]
[0, 431.0]
[1, 586.0]
[1, -567.0]
[0, -2000.0]
[0, 487.0]
[1, -364.0]
[0, -2000.0]
[1, -624.0]
[0, -303.0]
[0, 426.0]
[1, -2000.0]
[0, 384.0]
[1, -2000.0]
[0, -2000.0]
[0, 805.0]
[0, 63.0]
[0, 655.0]
[1, -2000.0]
[0, 418.0]
[1, -2000.0]
[0, -2000.0]
[0, -224.0]
[1, -2000.0]
[0, 439.0]
[1, 566.0]
[1, -110.0]
[0, -2000.0]
[1, -2000.0]
[0, -2000.0]
[1, -2000.0]
[0, -2000.0]
[1, -2000.0]
[0, -2000.0]
[1, -2000.0]
[0, -2000.0]
[1, -2000.0]
[0, -662.0]
[0, -99.0]
[1, -2000.0]
[0, -2000.0]
[1, -2000.0]
[1, 423.0]
[0, -2000.0]
[0, 376.0]
[1, -2000.0]
[0, -2000.0]
[1, -2000.0]
[0, -2000.0]
[1, -2000.0]
[1, 177.0]
[0, -2000.0]
[1, -2000.0]
[0, -2000.0]
[0, 94.0]
[1, -2000.0]
[0, -2000.0]
[1, -2000.0]
[0, -2000.0]
[1, -2000.0]
[0, -2000.0]
[1, -2000.0]
[0, -246.0]
[1, -181.0]
[0, -91.0]
[1, -229.0]
[0, -2000.0]
[1, -2000.0]
[0, -2000.0]
[1, -964.0]
[0, -2000.0]
[1, -2000.0]
[0, -2000.0]
[1, -2000.0]
[0, -616.0]
[1, -2000.0]
[0, -2000.0]
[1, -2000.0]
[0, -2000.0]
[1, -2000.0]
[0, -2000.0]
[1, -2000.0]
[0, -2000.0]
[1, -2000.0]
[0, -2000.0]
[1, -2000.0]
[0, -2000.0]
[1, -2000.0]
[0, -2000.0]
[1, -2000.0]
[0, -2000.0]
[1, -2000.0]
[0, -2000.0]
[1, -2000.0]
[0, -2000.0]
[1, -2000.0]
[0, -2000.0]
[1, -2000.0]
[0, -2000.0]
[1, -2000.0]
[0, -2000.0]
[1, -2000.0]
[0, -2000.0]
[1, -2000.0]
[0, -2000.0]
[1, -2000.0]
[0, -2000.0]
[1, -2000.0]
[0, -2000.0]
[1, -2000.0]
[0, -2000.0]
[1, -2000.0]
[0, -2000.0]
[1, -2000.0]
[0, -2000.0]
[1, -2000.0]
[0, -2000.0]
[1, -2000.0]
[0, -2000.0]
[1, -2000.0]
[0, -2000.0]
[1, -2000.0]
[0, -2000.0]
[1, -2000.0]
[0, -2000.0]
[1, -195.0]
[0, -2000.0]
[1, -2000.0]
[0, -2000.0]
[1, -997.0]
[0, -258.0]
[0, 280.0]
[1, -2000.0]
[0, 76.0]
[0, 33.0]
[1, -2000.0]
[0, -123.0]
[1, -2000.0]
[0, -2000.0]
[1, -2000.0]
[0, -2000.0]
[1, -2000.0]
[0, -2000.0]
[1, -2000.0]
[0, -2000.0]
[1, -2000.0]
[0, -2000.0]
[1, -2000.0]
[0, -2000.0]
[1, -2000.0]
[0, -2000.0]
[1, -2000.0]
[0, -627.0]
[1, -2000.0]
[0, -2000.0]
[0, 188.0]
[1, -948.0]
[0, -2000.0]
[1, -2000.0]
[0, -342.0]
[1, -2000.0]
[1, 124.0]
[0, -2000.0]
[1, -457.0]
[0, -2000.0]
[1, 329.0]
[0, 675.0]
[0, 754.0]
[1, -2000.0]
[0, -2000.0]
[1, 392.0]
[1, 625.0]
[1, -321.0]
[0, -2000.0]
[1, -2000.0]
[0, -2000.0]
[0, 441.0]
[0, 669.0]
[1, -175.0]
[1, 725.0]
[0, 432.0]
[1, 733.0]
[1, -41.0]
[0, -2000.0]
[1, -2000.0]
[0, -2000.0]
[1, -2000.0]
[0, -2000.0]
[1, -2000.0]
[0, -2000.0]
[0, -25.0]
[1, -2000.0]
[0, 730.0]
[1, 687.0]
[0, -2000.0]
[1, -2000.0]
[0, -2000.0]
[1, -2000.0]
[1, 733.0]
[0, -2000.0]
[1, -2000.0]
[1, 821.0]
[0, -2000.0]
[1, -2000.0]
[0, -2000.0]
[1, -2000.0]
[0, -2000.0]
[1, -2000.0]
[0, -2000.0]
[1, -869.0]
[0, -2000.0]
[1, -2000.0]
[0, -2000.0]
[1, -2000.0]
[0, -2000.0]
[1, -2000.0]
[0, -2000.0]
[1, -2000.0]
[1, 322.0]
[0, -2000.0]
[0, 795.0]
[0, 472.0]
[1, -2000.0]
[1, 533.0]
[1, 467.0]
[0, -2000.0]
[1, -2000.0]
[0, -2000.0]
[1, -2000.0]
[0, -2000.0]
[0, 257.0]
[1, -2000.0]
[1, 804.0]
[0, -185.0]
[1, -2000.0]
[0, -2000.0]
[1, 351.0]
[1, 657.0]
[0, 303.0]
[1, 430.0]
[0, -543.0]
[0, 734.0]
[1, -2000.0]
[0, -2000.0]
[0, 547.0]
[1, -2000.0]
[0, 726.0]
[1, -421.0]
[0, -2000.0]
[0, 793.0]
[1, -2000.0]
[1, 808.0]
[0, -437.0]
[1, -2000.0]
[0, -2000.0]
[1, -2000.0]
[0, -2000.0]
[0, 851.0]
[1, -2000.0]
[0, -2000.0]
[1, -2000.0]
[0, -2000.0]
[1, -2000.0]
[0, -2000.0]
[1, -2000.0]
[0, -2000.0]
[1, -2000.0]
[0, -654.0]
[0, 723.0]
[1, -2000.0]
[0, -2000.0]
[1, 307.0]
[0, -338.0]
[0, 623.0]
[1, -2000.0]
[0, 302.0]
[0, 878.0]
[0, 841.0]
[0, 573.0]
[0, 797.0]
[1, -2000.0]
[0, -298.0]
[1, 743.0]
[1, 886.0]
[0, 869.0]
[1, 877.0]
[1, 883.0]
[1, 827.0]
[1, 892.0]
[1, 773.0]
[1, 911.0]
[0, -2000.0]
[1, -2000.0]
[1, 901.0]
[0, -979.0]
[0, 901.0]
[0, 901.0]
[0, 905.0]
[0, 897.0]
[0, 900.0]
