[0, 12.0]
[0, 696.0]
[1, -708.0]
[1, 294.0]
[0, -167.0]
[1, 80.0]
[0, -325.0]
[1, -2000.0]
[0, -2000.0]
[0, -414.0]
[1, -2000.0]
[0, -2000.0]
[1, -2000.0]
[0, -2000.0]
[1, -2000.0]
[0, 351.0]
[1, -2000.0]
[0, -2000.0]
[0, 61.0]
[1, -2000.0]
[0, -2000.0]
[1, -2000.0]
[0, -2000.0]
[1, -2000.0]
[0, -2000.0]
[1, -2000.0]
[0, -2000.0]
[1, -2000.0]
[0, -2000.0]
[1, -2000.0]
[0, -2000.0]
[1, -2000.0]
[0, -2000.0]
[1, -2000.0]
[0, -536.0]
[1, -2000.0]
[0, -2000.0]
[1, -188.0]
[0, -2000.0]
[1, -2000.0]
[0, -2000.0]
[1, -2000.0]
[0, -2000.0]
[1, -2000.0]
[0, -2000.0]
[1, -2000.0]
[0, -2000.0]
[1, -2000.0]
[0, -2000.0]
[1, -2000.0]
[0, -2000.0]
[1, -2000.0]
[0, -2000.0]
[1, -2000.0]
[0, -2000.0]
[1, -2000.0]
[1, -161.0]
[0, -2000.0]
[1, -2000.0]
[0, -875.0]
[1, -2000.0]
[0, -2000.0]
[1, -2000.0]
[0, -2000.0]
[1, -2000.0]
[0, -2000.0]
[1, -2000.0]
[0, -2000.0]
[1, -669.0]
[0, -2000.0]
[1, -2000.0]
[0, -2000.0]
[1, -2000.0]
[0, -2000.0]
[1, -2000.0]
[0, -2000.0]
[1, -2000.0]
[0, -2000.0]
[1, -2000.0]
[0, -2000.0]
[1, -2000.0]
[0, -968.0]
[1, -2000.0]
[0, -914.0]
[1, -2000.0]
[0, -2000.0]
[1, -2000.0]
[0, -2000.0]
[1, -2000.0]
[0, -2000.0]
[1, -2000.0]
[0, -2000.0]
[1, -2000.0]
[0, -2000.0]
[1, -2000.0]
[0, -2000.0]
[1, -2000.0]
[0, -2000.0]
[1, -2000.0]
[0, -2000.0]
[1, -2000.0]
[0, -2000.0]
[1, -2000.0]
[0, -2000.0]
[1, -2000.0]
[0, -2000.0]
[1, -2000.0]
[0, -241.0]
[1, -2000.0]
[0, -2000.0]
[1, -2000.0]
[0, -2000.0]
[1, -2000.0]
[0, -2000.0]
[0, 747.0]
[1, -2000.0]
[1, 805.0]
[1, 780.0]
[0, -2000.0]
[1, -2000.0]
[0, -2000.0]
[1, -2000.0]
[0, -2000.0]
[1, -2000.0]
[0, -2000.0]
[1, 567.0]
[0, -2000.0]
[1, -807.0]
[0, -2000.0]
[1, -2000.0]
[0, -2000.0]
[1, -2000.0]
[0, -2000.0]
[1, -2000.0]
[0, -2000.0]
[1, -2000.0]
[0, -2000.0]
[1, -2000.0]
[0, -2000.0]
[1, -2000.0]
[1, -440.0]
[0, -2000.0]
[1, -70.0]
[0, -939.0]
[1, -462.0]
[0, -2000.0]
[1, -2000.0]
[0, -2000.0]
[1, -2000.0]
[1, -827.0]
[0, -2000.0]
[1, -2000.0]
[0, -2000.0]
[1, -2000.0]
[0, -2000.0]
[1, -2000.0]
[0, -2000.0]
[1, -521.0]
[0, -2000.0]
[1, -2000.0]
[0, -2000.0]
[0, -183.0]
[1, -2000.0]
[1, 559.0]
[0, -2000.0]
[1, -437.0]
[0, 389.0]
[1, 290.0]
[0, -2000.0]
[1, -2000.0]
[1, 349.0]
[0, -2000.0]
[1, -2000.0]
[0, -2000.0]
[1, -2000.0]
[0, -2000.0]
[1, -2000.0]
[0, -2000.0]
[1, -2000.0]
[0, -2000.0]
[1, -2000.0]
[0, -2000.0]
[1, -2000.0]
[1, 279.0]
[0, -2000.0]
[1, -2000.0]
[1, 719.0]
[0, -2000.0]
[1, -2000.0]
[0, -2000.0]
[1, -2000.0]
[0, -2000.0]
[1, -2000.0]
[0, -2000.0]
[1, -2000.0]
[0, -2000.0]
[1, -2000.0]
[0, -2000.0]
[1, -2000.0]
[0, -2000.0]
[1, -2000.0]
[0, -2000.0]
[1, -685.0]
[0, -2000.0]
[1, 527.0]
[0, -2000.0]
[1, -2000.0]
[0, 296.0]
[1, 5.0]
[0, -2000.0]
[1, -2000.0]
[0, -2000.0]
[1, -2000.0]
[0, -258.0]
[1, -2000.0]
[1, 856.0]
[0, -534.0]
[1, -464.0]
[0, -687.0]
[1, -725.0]
[0, -563.0]
[1, -576.0]
[0, -2000.0]
[1, -2000.0]
[0, -2000.0]
[1, -2000.0]
[0, -2000.0]
[1, -2000.0]
[0, -2000.0]
[0, 831.0]
[1, -2000.0]
[0, -2000.0]
[0, 795.0]
[1, -2000.0]
[0, -439.0]
[1, -317.0]
[1, 832.0]
[1, 820.0]
[0, -2000.0]
[1, -2000.0]
[1, 826.0]
[1, 609.0]
[0, -2000.0]
[0, 846.0]
[0, 835.0]
[1, -121.0]
[0, -290.0]
[1, -130.0]
[0, 646.0]
[1, 579.0]
[0, 726.0]
[0, 848.0]
[1, -2000.0]
[0, -2000.0]
[0, 720.0]
[1, 296.0]
[0, 733.0]
[1, 733.0]
[0, -244.0]
[0, 809.0]
[0, 767.0]
[1, -2000.0]
[0, -2000.0]
[1, -2000.0]
[1, -118.0]
[0, -2000.0]
[0, 815.0]
[0, 737.0]
[0, 844.0]
[1, -50.0]
[0, 857.0]
[1, -823.0]
[0, -952.0]
[1, -2000.0]
[0, -2000.0]
[0, 864.0]
[1, 632.0]
[0, 849.0]
[1, 862.0]
[0, -29.0]
[1, -2000.0]
[1, 775.0]
[1, 582.0]
[0, -911.0]
[1, 659.0]
[0, -2000.0]
[1, -2000.0]
[0, -2000.0]
[1, -2000.0]
[1, -25.0]
[0, -2000.0]
[1, -2000.0]
[0, -2000.0]
[1, -2000.0]
[0, -2000.0]
[1, -2000.0]
[0, -2000.0]
[1, -407.0]
[0, -2000.0]
[1, -2000.0]
[0, -861.0]
[1, -2000.0]
[0, -2000.0]
[1, -2000.0]
[0, -2000.0]
[1, -2000.0]
[0, -2000.0]
[1, -2000.0]
[0, -2000.0]
[1, -2000.0]
[0, -2000.0]
[1, -2000.0]
[0, -2000.0]
[1, -2000.0]
[0, -2000.0]
[1, -738.0]
[0, -357.0]
[1, -2000.0]
[0, -2000.0]
[1, -344.0]
[0, -2000.0]
[1, -938.0]
[0, -2000.0]
[1, -2000.0]
[0, -197.0]
[1, -2000.0]
[0, -91.0]
[1, -2000.0]
[0, -2000.0]
[1, -2000.0]
[0, -2000.0]
[1, -2000.0]
[0, -2000.0]
[1, -2000.0]
[0, -2000.0]
[1, -244.0]
[0, -2000.0]
[1, -2000.0]
[0, -2000.0]
[1, -2000.0]
[0, -2000.0]
[1, -2000.0]
[0, -2000.0]
[1, -2000.0]
[0, -282.0]
[1, -459.0]
[0, -2000.0]
[1, -389.0]
[0, -2000.0]
[1, -2000.0]
[0, -2000.0]
[1, -2000.0]
[1, -346.0]
[0, -2000.0]
[1, -2000.0]
[0, -2000.0]
[1, -2000.0]
[0, -2000.0]
[0, -597.0]
[1, -2000.0]
[0, -2000.0]
[1, -2000.0]
[0, -2000.0]
[1, -2000.0]
[1, 114.0]
[0, -2000.0]
[1, -2000.0]
[0, -591.0]
[0, -562.0]
[1, -2000.0]
[1, 640.0]
[0, -2000.0]
[1, -2000.0]
[0, -2000.0]
[1, -2000.0]
[0, -2000.0]
[1, -2000.0]
[0, -2000.0]
[1, -2000.0]
[0, -2000.0]
[1, -2000.0]
[0, -2000.0]
[1, -2000.0]
[0, -2000.0]
[1, -2000.0]
[1, -57.0]
[0, -635.0]
[1, 747.0]
[0, 842.0]
[1, 842.0]
[0, 801.0]
[1, -444.0]
[1, 881.0]
[0, -728.0]
[0, -237.0]
[1, -2000.0]
[0, -2000.0]
[1, -2000.0]
[0, -2000.0]
[0, 774.0]
[1, -2000.0]
[1, 849.0]
[1, 794.0]
[0, 111.0]
[0, 788.0]
[0, 712.0]
[1, -2000.0]
[1, 780.0]
[0, -422.0]
[0, 830.0]
[0, 694.0]
[1, -2000.0]
[0, -627.0]
[1, -166.0]
[0, -894.0]
[1, -2000.0]
[0, -2000.0]
[1, -2000.0]
[0, -2000.0]
[1, -2000.0]
[0, -2000.0]
[0, 815.0]
[1, -2000.0]
[0, -935.0]
[1, -877.0]
[0, -2000.0]
[1, -2000.0]
[1, 832.0]
[0, -2000.0]
[1, -932.0]
[0, -2000.0]
[1, -583.0]
[0, -2000.0]
[1, -2000.0]
[0, -366.0]
[0, 3.0]
[1, -2000.0]
[0, -405.0]
[1, -968.0]
[0, -941.0]
[1, -2000.0]
[0, -2000.0]
[1, -2000.0]
[1, 594.0]
[1, 813.0]
[0, -475.0]
[1, -2000.0]
[1, 877.0]
[0, -2000.0]
[1, -2000.0]
[0, -2000.0]
[0, -10.0]
[1, -97.0]
[1, 841.0]
[1, 824.0]
[0, -797.0]
[0, 849.0]
[0, 774.0]
[1, -2000.0]
[0, 798.0]
[1, 738.0]
[0, -974.0]
[1, -2000.0]
[1, -721.0]
[0, -2000.0]
[0, -13.0]
[1, -723.0]
[1, 878.0]
[0, -858.0]
[0, 884.0]
[1, -784.0]
[0, -729.0]
[0, 901.0]
[0, 368.0]
[1, -2000.0]
[1, 355.0]
[1, 414.0]
[0, -355.0]
[1, 725.0]
[0, -548.0]
[1, -2000.0]
[0, -2000.0]
[1, -2000.0]
[1, 632.0]
[1, 804.0]
[0, -765.0]
[0, 653.0]
[0, 580.0]
[1, -530.0]
[1, 831.0]
[1, 851.0]
[1, 829.0]
[1, 842.0]
[1, 182.0]
[1, 816.0]
[0, -2000.0]
[0, 790.0]
[1, -2000.0]
[0, -2000.0]
[1, -2000.0]
[0, -2000.0]
[1, -2000.0]
[0, -2000.0]
[1, -2000.0]
[0, -2000.0]
[0, 766.0]
[1, -2000.0]
[1, 850.0]
[0, -2000.0]
[0, 709.0]
[1, -2000.0]
[0, -2000.0]
[1, -2000.0]
[0, -2000.0]
[0, 547.0]
[1, -202.0]
[1, -30.0]
[0, -2000.0]
[0, 681.0]
[1, -2000.0]
[0, -359.0]
