[0, -189.0]
[1, -2000.0]
[1, 344.0]
[1, 920.0]
[0, -2000.0]
[0, 772.0]
[1, -2000.0]
[1, 930.0]
[1, 916.0]
[1, 909.0]
[0, -781.0]
[1, -294.0]
[0, -264.0]
[0, 611.0]
[0, 155.0]
[1, -2000.0]
[0, 333.0]
[1, -111.0]
[0, -23.0]
[1, 536.0]
[0, 457.0]
[1, 89.0]
[1, 929.0]
[0, -6.0]
[1, 522.0]
[0, 46.0]
[1, -2000.0]
[1, 551.0]
[0, -921.0]
[1, 424.0]
[0, 394.0]
[1, 472.0]
[0, 536.0]
[1, 684.0]
[0, 704.0]
[0, 283.0]
[1, 190.0]
[0, -2000.0]
[1, -2000.0]
[0, -2000.0]
[1, -2000.0]
[0, -2000.0]
[1, -2000.0]
[0, -2000.0]
[1, -2000.0]
[0, -2000.0]
[1, -2000.0]
[0, -2000.0]
[1, -2000.0]
[0, -2000.0]
[1, -991.0]
[1, 653.0]
[0, -2000.0]
[1, -2000.0]
[0, 315.0]
[0, 430.0]
[1, -440.0]
[1, 638.0]
[0, -294.0]
[1, 458.0]
[0, 165.0]
[1, 74.0]
[0, 546.0]
[1, 612.0]
[0, 101.0]
[1, 0.0]
[0, 594.0]
[1, 534.0]
[0, 456.0]
[0, 407.0]
[1, -144.0]
[0, 302.0]
[1, 276.0]
[0, 365.0]
[1, 464.0]
[0, 410.0]
[1, 421.0]
[0, 464.0]
[0, 493.0]
[1, -618.0]
[0, -657.0]
[1, 79.0]
[1, 415.0]
[0, -246.0]
[1, 250.0]
[0, 326.0]
[1, 424.0]
[0, -351.0]
[1, -2000.0]
[0, -2000.0]
[1, -646.0]
[0, -535.0]
[1, -2000.0]
[0, -2000.0]
[1, -2000.0]
[0, -2000.0]
[1, -2000.0]
[0, -2000.0]
[1, -2000.0]
[0, -505.0]
[1, -2000.0]
[0, -2000.0]
[1, -2000.0]
[0, -557.0]
[1, -2000.0]
[0, -2000.0]
[1, -2000.0]
[0, -2000.0]
[1, -2000.0]
[0, -2000.0]
[1, -7.0]
[0, -2000.0]
[1, -2000.0]
[0, -2000.0]
[1, -2000.0]
[0, -2000.0]
[1, -2000.0]
[0, -2000.0]
[1, -2000.0]
[0, -2000.0]
[1, -2000.0]
[0, -2000.0]
[1, -2000.0]
[0, -2000.0]
[1, -2000.0]
[0, -2000.0]
[1, -2000.0]
[1, -90.0]
[0, -2000.0]
[0, -370.0]
[1, -2000.0]
[0, -2000.0]
[1, -2000.0]
[0, -2000.0]
[1, -2000.0]
[0, -2000.0]
[1, -2000.0]
[0, -2000.0]
[1, -2000.0]
[0, -2000.0]
[1, -2000.0]
[0, -2000.0]
[1, -2000.0]
[0, -2000.0]
[1, -2000.0]
[0, -2000.0]
[1, -2000.0]
[0, -2000.0]
[1, -2000.0]
[1, -66.0]
[0, -2000.0]
[1, -2000.0]
[0, -2000.0]
[1, -2000.0]
[0, -2000.0]
[1, -2000.0]
[0, -2000.0]
[1, -2000.0]
[0, -2000.0]
[1, -2000.0]
[0, -2000.0]
[1, -873.0]
[0, -804.0]
[1, -2000.0]
[0, -2000.0]
[1, -2000.0]
[0, -2000.0]
[1, -2.0]
[0, -604.0]
[1, -2000.0]
[0, -2000.0]
[1, -2000.0]
[0, -2000.0]
[1, -2000.0]
[1, 791.0]
[0, -2000.0]
[1, -59.0]
[0, -2000.0]
[1, -2000.0]
[0, -2000.0]
[1, -2000.0]
[0, -633.0]
[1, -600.0]
[0, -2000.0]
[1, -2000.0]
[0, -2000.0]
[1, -2000.0]
[1, -977.0]
[0, -2000.0]
[1, -229.0]
[1, 813.0]
[0, -430.0]
[0, 814.0]
[0, 885.0]
[0, 897.0]
[0, 868.0]
[0, 190.0]
[1, -2000.0]
[1, 852.0]
[1, 882.0]
[1, 878.0]
[0, -356.0]
[1, -753.0]
[1, 805.0]
[1, 633.0]
[0, -2000.0]
[1, -2000.0]
[0, -2000.0]
[1, -2000.0]
[0, -2000.0]
[0, -22.0]
[0, 397.0]
[1, -2000.0]
[0, -19.0]
[1, -56.0]
[0, 83.0]
[0, 769.0]
[0, 540.0]
[0, 836.0]
[1, -2000.0]
[1, 821.0]
[0, -2000.0]
[1, -410.0]
[0, 728.0]
[1, 857.0]
[0, 151.0]
[0, 463.0]
[0, 823.0]
[0, 883.0]
[0, 845.0]
[0, 850.0]
[1, -2000.0]
[0, 864.0]
[1, 878.0]
[0, 778.0]
[1, -2000.0]
[0, -2000.0]
[1, -2000.0]
[0, -2000.0]
[0, 868.0]
[0, 821.0]
[1, 379.0]
[1, 792.0]
[0, 139.0]
[1, -2000.0]
[0, -2000.0]
[0, 729.0]
[1, -688.0]
[0, -661.0]
[0, 848.0]
[0, 842.0]
[1, -2000.0]
[1, 890.0]
[1, 579.0]
[0, -2000.0]
[1, -2000.0]
[1, 910.0]
[0, -902.0]
[0, 847.0]
[1, 78.0]
[1, 723.0]
[1, 872.0]
[1, 860.0]
[1, 868.0]
[0, -832.0]
[0, 866.0]
[1, 48.0]
[0, 853.0]
[0, -743.0]
[0, 906.0]
[1, -2000.0]
[0, 868.0]
[1, 841.0]
[0, 852.0]
[1, 854.0]
[0, 898.0]
[1, 887.0]
[0, 895.0]
[1, 859.0]
[0, -2000.0]
[1, -2000.0]
[0, 833.0]
[1, 833.0]
[0, 859.0]
[1, 854.0]
[0, -90.0]
[1, -388.0]
[0, -2000.0]
[1, -2000.0]
[1, 900.0]
[1, 912.0]
[1, 891.0]
[1, -249.0]
[0, -2000.0]
[1, 875.0]
[0, 886.0]
[1, 899.0]
[1, 430.0]
[0, 397.0]
[1, 918.0]
[0, 906.0]
[0, -177.0]
[0, 917.0]
[0, 888.0]
[0, 908.0]
[0, 918.0]
[0, 840.0]
[0, 896.0]
[0, 850.0]
[1, -2000.0]
[1, 912.0]
[0, 898.0]
[0, -358.0]
[1, -532.0]
[1, -60.0]
[0, -555.0]
[1, 52.0]
[0, 190.0]
[0, 316.0]
[1, -288.0]
[0, 525.0]
[1, 483.0]
[1, 896.0]
[0, 432.0]
[0, 301.0]
[1, 206.0]
[1, 920.0]
[0, 58.0]
[1, 24.0]
[1, 899.0]
[0, 61.0]
[1, -462.0]
[1, 707.0]
[1, 929.0]
[1, 905.0]
[0, -2000.0]
[1, -2000.0]
[0, -2000.0]
[0, 659.0]
[1, -2000.0]
[0, -466.0]
[1, -637.0]
[0, -136.0]
[0, 333.0]
[1, -189.0]
[1, -483.0]
[0, -994.0]
[1, 465.0]
[0, 382.0]
[1, -335.0]
[0, -636.0]
[1, -90.0]
[1, 899.0]
[0, 154.0]
[0, 442.0]
[1, 342.0]
[1, 268.0]
[0, 155.0]
[0, 914.0]
[0, 693.0]
[1, -2000.0]
[0, -2000.0]
[1, -2000.0]
[1, 865.0]
[1, 814.0]
[1, 807.0]
[0, -2000.0]
[0, 922.0]
[1, -429.0]
[0, -370.0]
[1, 906.0]
[0, 448.0]
[1, 487.0]
[1, 124.0]
[1, 907.0]
[0, -368.0]
[0, 109.0]
[1, -2000.0]
[1, 826.0]
[0, -650.0]
[0, 866.0]
[1, -2000.0]
[0, -2000.0]
[0, 612.0]
[1, -811.0]
[1, 811.0]
[1, 744.0]
[0, -957.0]
[0, 848.0]
[0, 863.0]
[0, 795.0]
[0, 593.0]
[1, -951.0]
[0, -489.0]
[0, 910.0]
[1, -607.0]
[1, 116.0]
[0, -2000.0]
[1, -541.0]
[1, -22.0]
[0, -610.0]
[0, 49.0]
[1, -358.0]
[1, 879.0]
[0, 47.0]
[1, -669.0]
[0, -2000.0]
[1, -29.0]
[0, -2000.0]
[1, -2000.0]
[0, -307.0]
[1, -2000.0]
[0, -244.0]
[0, 758.0]
[1, -2000.0]
[0, -2000.0]
[1, -487.0]
[0, -2000.0]
[1, -570.0]
[1, -420.0]
[0, -2000.0]
[1, -2000.0]
[0, -2000.0]
[0, 770.0]
[1, -2000.0]
[0, -2000.0]
[1, -2000.0]
[0, -2000.0]
[1, -2000.0]
[0, -2000.0]
[1, -2000.0]
[0, -2000.0]
[1, -2000.0]
[0, -2000.0]
[0, -395.0]
[1, -2000.0]
[0, -171.0]
[1, -738.0]
[0, 1.0]
[0, -527.0]
[1, -2000.0]
[1, 226.0]
[0, -229.0]
[1, -70.0]
[1, 875.0]
[0, -788.0]
[1, 52.0]
[0, 910.0]
[0, 370.0]
[1, 271.0]
[1, 310.0]
[0, -203.0]
[1, 368.0]
[0, -66.0]
[1, -338.0]
[0, -34.0]
[0, 906.0]
[0, 107.0]
[1, -708.0]
[0, 207.0]
[1, 249.0]
[1, 922.0]
[1, 85.0]
[0, -138.0]
[1, 353.0]
[0, 40.0]
[0, 916.0]
[1, -17.0]
[1, 912.0]
[0, -313.0]
[0, 912.0]
[0, 889.0]
[0, 886.0]
[0, 887.0]
[0, 916.0]
[1, -2000.0]
[1, 913.0]
[1, 573.0]
[0, -682.0]
[1, 502.0]
[0, -167.0]
[1, -209.0]
[1, 884.0]
[1, 900.0]
[1, 898.0]
[1, 874.0]
[1, 886.0]
[0, -137.0]
[1, 64.0]
[1, 895.0]
[1, 905.0]
[0, -253.0]
[1, 55.0]
[1, 877.0]
[0, -2000.0]
[1, -513.0]
[1, 861.0]
[1, 646.0]
[1, 897.0]
[1, 895.0]
[1, 896.0]
[1, 881.0]
[0, -2000.0]
[0, 903.0]
[0, 891.0]
[0, 904.0]
[1, -2000.0]
[0, -2000.0]
[1, -2000.0]
[1, 896.0]
[1, 903.0]
[0, -588.0]
[0, 829.0]
